199.645615 -13.048761 77.311668 1.527813 0.407800 -1.063928
198.131409 -13.957401 77.623940 1.522187 0.407003 -1.067226
195.393494 -15.483506 78.056091 1.507127 0.405348 -1.074133
192.709000 -16.944273 78.433014 1.491865 0.403887 -1.080508
190.156311 -18.306553 78.733910 1.476444 0.402777 -1.085420
187.864655 -19.517464 78.953323 1.461710 0.402059 -1.088462
185.808105 -20.600153 79.107597 1.447680 0.401635 -1.089923
183.978973 -21.565996 79.207932 1.434413 0.401441 -1.089953
182.383560 -22.418118 79.262230 1.421996 0.401436 -1.088592
181.007172 -23.167385 79.279816 1.410430 0.401572 -1.085990
179.814072 -23.833063 79.270805 1.399632 0.401797 -1.082405
178.776413 -24.429054 79.242821 1.389539 0.402071 -1.078038
177.880524 -24.962151 79.200706 1.380131 0.402374 -1.072998
177.114670 -25.438019 79.148430 1.371397 0.402690 -1.067380
176.469299 -25.860882 79.089211 1.363333 0.403007 -1.061266
175.932693 -26.235577 79.025848 1.355919 0.403315 -1.054741
175.486938 -26.569799 78.960640 1.349086 0.403606 -1.047904
175.114609 -26.870892 78.895340 1.342763 0.403874 -1.040850
174.805099 -27.142990 78.831161 1.336911 0.404116 -1.033636
174.550125 -27.389641 78.768845 1.331500 0.404331 -1.026311
174.342331 -27.613752 78.708923 1.326502 0.404519 -1.018913
174.174866 -27.818123 78.651817 1.321890 0.404681 -1.011479
174.041855 -28.005217 78.597763 1.317636 0.404818 -1.004038
173.937897 -28.177361 78.546883 1.313717 0.404931 -0.996616
173.858337 -28.336515 78.499222 1.310108 0.405022 -0.989234
173.799011 -28.484747 78.454712 1.306787 0.405093 -0.981911
173.756256 -28.623520 78.413376 1.303735 0.405145 -0.974660
173.726944 -28.754482 78.375015 1.300931 0.405180 -0.967494
173.708237 -28.878876 78.339516 1.298357 0.405200 -0.960423
173.697815 -28.997953 78.306755 1.295997 0.405206 -0.953453
173.693573 -29.112846 78.276588 1.293835 0.405200 -0.946591
173.693924 -29.224392 78.248833 1.291857 0.405183 -0.939839
173.697159 -29.333481 78.223373 1.290050 0.405157 -0.933201
173.702179 -29.440826 78.200027 1.288401 0.405123 -0.926679
173.707825 -29.547071 78.178665 1.286900 0.405081 -0.920273
173.713348 -29.652775 78.159111 1.285536 0.405034 -0.913981
173.717896 -29.758432 78.141289 1.284300 0.404981 -0.907805
173.720901 -29.864433 78.125061 1.283182 0.404924 -0.901741
173.721954 -29.971134 78.110321 1.282175 0.404863 -0.895789
173.720596 -30.078733 78.096954 1.281273 0.404800 -0.889946
173.716583 -30.187609 78.084930 1.280468 0.404734 -0.884209
173.709671 -30.297930 78.074059 1.279754 0.404666 -0.878575
173.699692 -30.409853 78.064308 1.279126 0.404598 -0.873043
173.686554 -30.523458 78.055656 1.278578 0.404528 -0.867609
173.670258 -30.638960 78.047958 1.278107 0.404458 -0.862270
173.650635 -30.756281 78.041229 1.277707 0.404388 -0.857022
173.627808 -30.875578 78.035347 1.277376 0.404318 -0.851864
173.601822 -30.996902 78.030327 1.277109 0.404248 -0.846791
173.572632 -31.120167 78.026054 1.276903 0.404180 -0.841802
173.540421 -31.245525 78.022568 1.276757 0.404113 -0.836892
173.505203 -31.372974 78.019768 1.276668 0.404047 -0.832063
173.467072 -31.502674 78.017776 1.276636 0.403982 -0.827312
173.426025 -31.634705 78.016457 1.276661 0.403920 -0.822640
173.382431 -31.769295 78.015930 1.276742 0.403859 -0.818046
173.336304 -31.906004 78.016113 1.276876 0.403800 -0.813524
173.288071 -32.044464 78.016968 1.277056 0.403744 -0.809065
173.237854 -32.184494 78.018372 1.277281 0.403689 -0.804665
173.185928 -32.325951 78.020432 1.277549 0.403637 -0.800321
173.132462 -32.468719 78.023056 1.277859 0.403587 -0.796030
173.077530 -32.612671 78.026276 1.278211 0.403540 -0.791790
173.021469 -32.757671 78.030052 1.278603 0.403496 -0.787598
172.964371 -32.903580 78.034462 1.279036 0.403453 -0.783453
172.906586 -33.050308 78.039467 1.279510 0.403414 -0.779353
172.848557 -33.197979 78.045204 1.280030 0.403378 -0.775299
172.790634 -33.346413 78.051712 1.280598 0.403345 -0.771290
172.733124 -33.495213 78.058968 1.281212 0.403315 -0.767320
172.676224 -33.643852 78.066948 1.281868 0.403288 -0.763385
172.620255 -33.792076 78.075607 1.282568 0.403264 -0.759478
172.565491 -33.939552 78.084946 1.283309 0.403244 -0.755596
172.512115 -34.086010 78.094955 1.284092 0.403227 -0.751738
172.460464 -34.231194 78.105682 1.284918 0.403214 -0.747900
172.410950 -34.374817 78.117096 1.285789 0.403204 -0.744080
172.363861 -34.516487 78.129257 1.286706 0.403198 -0.740275
172.319916 -34.655865 78.142258 1.287673 0.403197 -0.736482
172.280045 -34.792297 78.156235 1.288697 0.403199 -0.732699
172.244949 -34.925190 78.171249 1.289781 0.403206 -0.728921
172.215210 -35.053791 78.187332 1.290928 0.403218 -0.725142
172.191360 -35.177547 78.204514 1.292139 0.403234 -0.721357
172.173767 -35.295876 78.222702 1.293416 0.403256 -0.717562
172.162796 -35.408028 78.241867 1.294759 0.403283 -0.713752
172.159271 -35.513359 78.262131 1.296174 0.403316 -0.709923
172.164001 -35.610920 78.283463 1.297666 0.403355 -0.706068
172.177887 -35.699669 78.305946 1.299241 0.403402 -0.702184
172.201996 -35.778545 78.329651 1.300905 0.403455 -0.698261
172.237473 -35.846241 78.354576 1.302667 0.403516 -0.694293
172.285675 -35.901245 78.380859 1.304535 0.403586 -0.690273
172.348175 -35.941772 78.408501 1.306520 0.403665 -0.686189
172.426865 -35.965782 78.437576 1.308637 0.403755 -0.682031
172.524887 -35.969818 78.468338 1.310906 0.403857 -0.677779
172.645935 -35.949860 78.500984 1.313355 0.403972 -0.673414
172.792786 -35.902611 78.535545 1.316004 0.404104 -0.668916
172.967392 -35.824879 78.571861 1.318869 0.404253 -0.664270
173.173218 -35.712254 78.609810 1.321977 0.404422 -0.659453
173.414764 -35.558792 78.649445 1.325363 0.404616 -0.654437
173.697815 -35.357101 78.690651 1.329073 0.404837 -0.649185
174.028778 -35.098671 78.733223 1.333161 0.405093 -0.643655
174.351562 -34.844086 78.775360 1.337304 0.405366 -0.638244
174.682159 -34.575432 78.816437 1.341680 0.405672 -0.632626
174.320572 -35.108955 78.857605 1.342264 0.405714 -0.631888
174.056488 -35.501209 78.888680 1.342637 0.405742 -0.631415
174.056488 -35.501209 78.888680 1.342637 0.405742 -0.631415
174.056488 -35.501209 78.888680 1.342637 0.405742 -0.631415
174.056488 -35.501209 78.888680 1.342637 0.405742 -0.631415
174.056488 -35.501209 78.888680 1.342637 0.405742 -0.631415
174.056488 -35.501209 78.888680 1.342637 0.405742 -0.631415
174.056488 -35.501209 78.888680 1.342637 0.405742 -0.631415
174.056488 -35.501209 78.888680 1.342637 0.405742 -0.631415
174.056488 -35.501209 78.888680 1.342637 0.405742 -0.631415
174.056488 -35.501209 78.888680 1.342637 0.405742 -0.631415
174.056488 -35.501209 78.888680 1.342637 0.405742 -0.631415
174.056488 -35.501209 78.888680 1.342637 0.405742 -0.631415
174.056488 -35.501209 78.888680 1.342637 0.405742 -0.631415
174.056488 -35.501209 78.888680 1.342637 0.405742 -0.631415
174.056488 -35.501209 78.888680 1.342637 0.405742 -0.631415
174.056488 -35.501209 78.888680 1.342637 0.405742 -0.631415
174.056488 -35.501209 78.888680 1.342637 0.405742 -0.631415
174.056488 -35.501209 78.888680 1.342637 0.405742 -0.631415
174.056488 -35.501209 78.888680 1.342637 0.405742 -0.631415
174.056488 -35.501209 78.888680 1.342637 0.405742 -0.631415
174.056488 -35.501209 78.888680 1.342637 0.405742 -0.631415
174.056488 -35.501209 78.888680 1.342637 0.405742 -0.631415
174.056488 -35.501209 78.888680 1.342637 0.405742 -0.631415
174.056488 -35.501209 78.888680 1.342637 0.405742 -0.631415
174.056488 -35.501209 78.888680 1.342637 0.405742 -0.631415
174.056488 -35.501209 78.888680 1.342637 0.405742 -0.631415
174.056488 -35.501209 78.888680 1.342637 0.405742 -0.631415
174.056488 -35.501209 78.888680 1.342637 0.405742 -0.631415
174.056488 -35.501209 78.888680 1.342637 0.405742 -0.631415
174.056488 -35.501209 78.888680 1.342637 0.405742 -0.631415
174.056488 -35.501209 78.888680 1.342637 0.405742 -0.631415
174.056488 -35.501209 78.888680 1.342637 0.405742 -0.631415
174.056488 -35.501209 78.888680 1.342637 0.405742 -0.631415
174.056488 -35.501209 78.888680 1.342637 0.405742 -0.631415
174.056488 -35.501209 78.888680 1.342637 0.405742 -0.631415
174.056488 -35.501209 78.888680 1.342637 0.405742 -0.631415
174.056488 -35.501209 78.888680 1.342637 0.405742 -0.631415
174.056488 -35.501209 78.888680 1.342637 0.405742 -0.631415
174.056488 -35.501209 78.888680 1.342637 0.405742 -0.631415
174.056488 -35.501209 78.888680 1.342637 0.405742 -0.631415
174.056488 -35.501209 78.888680 1.342637 0.405742 -0.631415
174.056488 -35.501209 78.888680 1.342637 0.405742 -0.631415
174.056488 -35.501209 78.888680 1.342637 0.405742 -0.631415
174.056488 -35.501209 78.888680 1.342637 0.405742 -0.631415
174.056488 -35.501209 78.888680 1.342637 0.405742 -0.631415
174.056488 -35.501209 78.888680 1.342637 0.405742 -0.631415
174.056488 -35.501209 78.888680 1.342637 0.405742 -0.631415
174.056488 -35.501209 78.888680 1.342637 0.405742 -0.631415
174.056488 -35.501209 78.888680 1.342637 0.405742 -0.631415
174.056488 -35.501209 78.888680 1.342637 0.405742 -0.631415
174.056488 -35.501209 78.888680 1.342637 0.405742 -0.631415
174.056488 -35.501209 78.888680 1.342637 0.405742 -0.631415
174.056488 -35.501209 78.888680 1.342637 0.405742 -0.631415
174.056488 -35.501209 78.888680 1.342637 0.405742 -0.631415
174.056488 -35.501209 78.888680 1.342637 0.405742 -0.631415
174.056488 -35.501209 78.888680 1.342637 0.405742 -0.631415
174.056488 -35.501209 78.888680 1.342637 0.405742 -0.631415
174.056488 -35.501209 78.888680 1.342637 0.405742 -0.631415
174.056488 -35.501209 78.888680 1.342637 0.405742 -0.631415
174.056488 -35.501209 78.888680 1.342637 0.405742 -0.631415
174.056488 -35.501209 78.888680 1.342637 0.405742 -0.631415
174.056488 -35.501209 78.888680 1.342637 0.405742 -0.631415
174.056488 -35.501209 78.888680 1.342637 0.405742 -0.631415
174.056488 -35.501209 78.888680 1.342637 0.405742 -0.631415
174.056488 -35.501209 78.888680 1.342637 0.405742 -0.631415
174.056488 -35.501209 78.888680 1.342637 0.405742 -0.631415
174.056488 -35.501209 78.888680 1.342637 0.405742 -0.631415
174.056488 -35.501209 78.888680 1.342637 0.405742 -0.631415
174.056488 -35.501209 78.888680 1.342637 0.405742 -0.631415
174.056488 -35.501209 78.888680 1.342637 0.405742 -0.631415
174.056488 -35.501209 78.888680 1.342637 0.405742 -0.631415
174.056488 -35.501209 78.888680 1.342637 0.405742 -0.631415
174.056488 -35.501209 78.888680 1.342637 0.405742 -0.631415
174.056488 -35.501209 78.888680 1.342637 0.405742 -0.631415
174.056488 -35.501209 78.888680 1.342637 0.405742 -0.631415
174.056488 -35.501209 78.888680 1.342637 0.405742 -0.631415
174.056488 -35.501209 78.888680 1.342637 0.405742 -0.631415
174.056488 -35.501209 78.888680 1.342637 0.405742 -0.631415
174.056488 -35.501209 78.888680 1.342637 0.405742 -0.631415
174.056488 -35.501209 78.888680 1.342637 0.405742 -0.631415
174.056488 -35.501209 78.888680 1.342637 0.405742 -0.631415
174.056488 -35.501209 78.888680 1.342637 0.405742 -0.631415
174.056488 -35.501209 78.888680 1.342637 0.405742 -0.631415
174.056488 -35.501209 78.888680 1.342637 0.405742 -0.631415
174.056488 -35.501209 78.888680 1.342637 0.405742 -0.631415
174.056488 -35.501209 78.888680 1.342637 0.405742 -0.631415
174.056488 -35.501209 78.888680 1.342637 0.405742 -0.631415
174.056488 -35.501209 78.888680 1.342637 0.405742 -0.631415
174.056488 -35.501209 78.888680 1.342637 0.405742 -0.631415
174.056488 -35.501209 78.888680 1.342637 0.405742 -0.631415
174.056488 -35.501209 78.888680 1.342637 0.405742 -0.631415
174.056488 -35.501209 78.888680 1.342637 0.405742 -0.631415
174.056488 -35.501209 78.888680 1.342637 0.405742 -0.631415
174.056488 -35.501209 78.888680 1.342637 0.405742 -0.631415
174.056488 -35.501209 78.888680 1.342637 0.405742 -0.631415
174.056488 -35.501209 78.888680 1.342637 0.405742 -0.631415
174.056488 -35.501209 78.888680 1.342637 0.405742 -0.631415
174.056488 -35.501209 78.888680 1.342637 0.405742 -0.631415
174.056488 -35.501209 78.888680 1.342637 0.405742 -0.631415
174.056488 -35.501209 78.888680 1.342637 0.405742 -0.631415
174.056488 -35.501209 78.888680 1.342637 0.405742 -0.631415
174.056488 -35.501209 78.888680 1.342637 0.405742 -0.631415
174.056488 -35.501209 78.888680 1.342637 0.405742 -0.631415
174.056488 -35.501209 78.888680 1.342637 0.405742 -0.631415
174.056488 -35.501209 78.888680 1.342637 0.405742 -0.631415
174.056488 -35.501209 78.888680 1.342637 0.405742 -0.631415
174.056488 -35.501209 78.888680 1.342637 0.405742 -0.631415
174.056488 -35.501209 78.888680 1.342637 0.405742 -0.631415
174.056488 -35.501209 78.888680 1.342637 0.405742 -0.631415
174.056488 -35.501209 78.888680 1.342637 0.405742 -0.631415
174.056488 -35.501209 78.888680 1.342637 0.405742 -0.631415
174.056488 -35.501209 78.888680 1.342637 0.405742 -0.631415
174.056488 -35.501209 78.888680 1.342637 0.405742 -0.631415
174.056488 -35.501209 78.888680 1.342637 0.405742 -0.631415
174.056488 -35.501209 78.888680 1.342637 0.405742 -0.631415
174.056488 -35.501209 78.888680 1.342637 0.405742 -0.631415
174.056488 -35.501209 78.888680 1.342637 0.405742 -0.631415
174.056488 -35.501209 78.888680 1.342637 0.405742 -0.631415
174.056488 -35.501209 78.888680 1.342637 0.405742 -0.631415
174.056488 -35.501209 78.888680 1.342637 0.405742 -0.631415
174.056488 -35.501209 78.888680 1.342637 0.405742 -0.631415
174.056488 -35.501209 78.888680 1.342637 0.405742 -0.631415
174.056488 -35.501209 78.888680 1.342637 0.405742 -0.631415
174.056488 -35.501209 78.888680 1.342637 0.405742 -0.631415
174.056488 -35.501209 78.888680 1.342637 0.405742 -0.631415
174.056488 -35.501209 78.888680 1.342637 0.405742 -0.631415
174.056488 -35.501209 78.888680 1.342637 0.405742 -0.631415
174.056488 -35.501209 78.888680 1.342637 0.405742 -0.631415
174.056488 -35.501209 78.888680 1.342637 0.405742 -0.631415
174.056488 -35.501209 78.888680 1.342637 0.405742 -0.631415
174.056488 -35.501209 78.888680 1.342637 0.405742 -0.631415
174.056488 -35.501209 78.888680 1.342637 0.405742 -0.631415
174.056488 -35.501209 78.888680 1.342637 0.405742 -0.631415
174.056488 -35.501209 78.888680 1.342637 0.405742 -0.631415
174.056488 -35.501209 78.888680 1.342637 0.405742 -0.631415
174.056488 -35.501209 78.888680 1.342637 0.405742 -0.631415
174.056488 -35.501209 78.888680 1.342637 0.405742 -0.631415
174.056488 -35.501209 78.888680 1.342637 0.405742 -0.631415
174.056488 -35.501209 78.888680 1.342637 0.405742 -0.631415
174.056488 -35.501209 78.888680 1.342637 0.405742 -0.631415
174.056488 -35.501209 78.888680 1.342637 0.405742 -0.631415
174.056488 -35.501209 78.888680 1.342637 0.405742 -0.631415
174.056488 -35.501209 78.888680 1.342637 0.405742 -0.631415
174.056488 -35.501209 78.888680 1.342637 0.405742 -0.631415
174.056488 -35.501209 78.888680 1.342637 0.405742 -0.631415
174.056488 -35.501209 78.888680 1.342637 0.405742 -0.631415
174.056488 -35.501209 78.888680 1.342637 0.405742 -0.631415
174.056488 -35.501209 78.888680 1.342637 0.405742 -0.631415
174.056488 -35.501209 78.888680 1.342637 0.405742 -0.631415
174.056488 -35.501209 78.888680 1.342637 0.405742 -0.631415
